----------------------------------------------------------------------------------------------------------------------------------------------------------------------------------------------------------------------------------------------------------------------------------------------------------------------------------------------------------------------------------------------------------------
| 2 | 4 | 1 | 8 | 1 | 8 | 2 | 4 | 1 | 2 | 4 | 18| 1 | 1 | 1 | 4 | 4 | 1 | 4 | 1 | 16| 6 | 4 | 1 | 12| 2 | 1 | 2 | 3 | 2 | 8 | 2 | 8 | 2 | 1 | 4 | 1 | 2 | 6 | 2 | 1 | 4 | 1 | 6 | 4 | 1 | 2 | 12| 1 | 6 | 2 | 4 | 3 | 10| 18| 1 | 4 | 1 | 2 | 6 | 4 | 1 | 2 | 12| 1 | 2 | 1 | 12| 2 | 1 | 4 | 1 | 4 | 1 | 2 | 9 | 2 | 1 | 4 | 2 | 2 | 8 | 1 | 2 | 3 | 9 | 6 | 1 | 4 | 6 | 4 | 1 | 1 | 4 | 1 | 12| 1 
----------------------------------------------------------------------------------------------------------------------------------------------------------------------------------------------------------------------------------------------------------------------------------------------------------------------------------------------------------------------------------------------------------------
| 1 | 1 | 1 | 2 | 12| 3 | 2 | 1 | 16| 1 | 1 | 4 | 12| 1 | 24| 2 | 1 | 2 | 3 | 12| 2 | 1 | 1 | 1 | 2 | 6 | 16| 2 | 24| 1 | 6 | 2 | 1 | 1 | 4 | 1 | 8 | 4 | 1 | 8 | 4 | 32| 4 | 12| 1 | 8 | 12| 1 | 6 | 4 | 1 | 16| 2 | 8 | 4 | 1 | 4 | 1 | 16| 1 | 1 | 24| 2 | 1 | 2 | 6 | 2 | 1 | 4 | 24| 1 | 12| 12| 2 | 2 | 4 | 12| 8 | 1 | 16| 1 | 1 | 1 | 8 | 18| 4 | 2 | 8 | 1 | 6 | 2 | 1 | 1 | 4 | 4 | 2 | 12
----------------------------------------------------------------------------------------------------------------------------------------------------------------------------------------------------------------------------------------------------------------------------------------------------------------------------------------------------------------------------------------------------------------
| 1 | 16| 2 | 1 | 1 | 2 | 2 | 24| 1 | 8 | 8 | 1 | 2 | 8 | 1 | 1 | 16| 2 | 16| 1 | 8 | 2 | 24| 2 | 8 | 6 | 6 | 1 | 8 | 1 | 8 | 36| 1 | 4 | 27| 32| 1 | 36| 12| 1 | 2 | 18| 1 | 12| 8 | 1 | 6 | 24| 8 | 1 | 36| 2 | 1 | 12| 1 | 12| 4 | 2 | 2 | 4 | 8 | 1 | 8 | 18| 4 | 1 | 24| 2 | 24| 1 | 32| 2 | 2 | 24| 1 | 1 | 1 | 8 | 6 | 2 | 1 | 24| 8 | 1 | 6 | 2 | 1 | 4 | 2 | 36| 4 | 1 | 16| 8 | 1 | 1 | 4 
----------------------------------------------------------------------------------------------------------------------------------------------------------------------------------------------------------------------------------------------------------------------------------------------------------------------------------------------------------------------------------------------------------------
| 8 | 1 | 1 | 4 | 24| 1 | 6 | 2 | 1 | 4 | 1 | 1 | 4 | 1 | 24| 8 | 1 | 4 | 1 | 2 | 81| 12| 2 | 6 | 1 | 2 | 2 | 16| 1 | 4 | 1 | 4 | 12| 18| 4 | 1 | 8 | 1 | 2 | 2 | 2 | 2 | 16| 1 | 2 | 12| 8 | 30| 1 | 24| 2 | 24| 4 | 2 | 12| 6 | 16| 18| 8 | 1 | 2 | 36| 1 | 8 | 1 | 4 | 2 | 12| 1 | 8 | 6 | 1 | 1 | 1 | 16| 2 | 8 | 12| 12| 4 | 6 | 2 | 1 | 8 | 12| 1 | 8 | 12| 6 | 2 | 24| 2 | 6 | 1 | 16| 1 | 2 
----------------------------------------------------------------------------------------------------------------------------------------------------------------------------------------------------------------------------------------------------------------------------------------------------------------------------------------------------------------------------------------------------------------
| 1 | 4 | 2 | 24| 1 | 8 | 6 | 8 | 2 | 1 | 8 | 4 | 4 | 36| 2 | 1 | 8 | 36| 2 | 12| 4 | 1 | 2 | 48| 4 | 4 | 1 | 2 | 12| 12| 40| 1 | 6 | 2 | 1 | 8 | 6 | 4 | 1 | 12| 18| 2 | 1 | 12| 36| 1 | 4 | 2 | 8 | 4 | 1 | 1 | 24| 1 | 4 | 1 | 6 | 2 | 1 | 4 | 12| 2 | 32| 1 | 24| 2 | 1 | 4 | 2 | 1 | 2 | 8 | 1 | 1 | 2 | 36| 1 | 1 | 4 | 1 | 4 | 6 | 48| 1 | 36| 2 | 1 | 2 | 48| 1 | 2 | 18| 2 | 8 | 1 | 4 | 4 
----------------------------------------------------------------------------------------------------------------------------------------------------------------------------------------------------------------------------------------------------------------------------------------------------------------------------------------------------------------------------------------------------------------
| 12| 1 | 6 | 1 | 2 | 1 | 8 | 1 | 4 | 1 | 4 | 1 | 8 | 1 | 16| 1 | 2 | 12| 2 | 24| 1 | 8 | 1 | 4 | 1 | 2 | 12| 32| 1 | 48| 2 | 1 | 24| 2 | 24| 2 | 1 | 54| 4 | 1 | 18| 6 | 4 | 2 | 2 | 12| 2 | 1 | 2 | 6 | 1 | 8 | 1 | 8 | 1 | 4 | 6 | 4 | 2 | 36| 4 | 1 | 6 | 24| 1 | 2 | 4 | 4 | 6 | 16| 1 | 4 | 16| 6 | 4 | 1 | 2 | 54| 2 | 1 | 1 | 36| 4 | 1 | 1 | 4 | 18| 8 | 1 | 2 | 8 | 2 | 1 | 36| 4 | 1 | 4 
----------------------------------------------------------------------------------------------------------------------------------------------------------------------------------------------------------------------------------------------------------------------------------------------------------------------------------------------------------------------------------------------------------------
| 2 | 8 | 2 | 16| 1 | 36| 2 | 1 | 1 | 4 | 18| 8 | 1 | 16| 1 | 1 | 32| 3 | 2 | 1 | 2 | 9 | 6 | 12| 2 | 24| 2 | 1 | 8 | 1 | 16| 4 | 4 | 4 | 1 | 36| 2 | 2 | 24| 2 | 4 | 3 | 12| 1 | 1 | 36| 4 | 2 | 1 | 4 | 2 | 18| 4 | 9 | 16| 1 | 8 | 1 | 4 | 1 | 4 | 1 | 8 | 1 | 4 | 12| 1 | 4 | 1 | 2 | 24| 1 | 2 | 18| 3 | 8 | 1 | 4 | 24| 1 | 8 | 1 | 4 | 2 | 2 | 18| 4 | 1 | 24| 12| 1 | 2 | 4 | 1 | 24| 2 | 1 
----------------------------------------------------------------------------------------------------------------------------------------------------------------------------------------------------------------------------------------------------------------------------------------------------------------------------------------------------------------------------------------------------------------
| 1 | 24| 1 | 2 | 12| 2 | 48| 8 | 1 | 24| 1 | 2 | 24| 1 | 24| 4 | 1 | 12| 12| 2 | 4 | 64| 3 | 4 | 1 | 2 | 24| 2 | 24| 4 | 2 | 1 | 1 | 1 | 8 | 6 | 8 | 1 | 2 | 3 | 1 | 16| 1 | 2 | 8 | 1 | 24| 3 | 4 | 8 | 1 | 4 | 12| 2 | 8 | 3 | 2 | 2 | 16| 2 | 12| 8 | 1 | 16| 3 | 24| 4 | 8 | 1 | 8 | 1 | 8 | 6 | 24| 6 | 1 | 8 | 1 | 4 | 4 | 48| 4 | 24| 1 | 24| 2 | 1 | 12| 2 | 1 | 12| 3 | 3 | 4 | 1 | 12| 2 
----------------------------------------------------------------------------------------------------------------------------------------------------------------------------------------------------------------------------------------------------------------------------------------------------------------------------------------------------------------------------------------------------------------
| 2 | 1 | 16| 1 | 12| 1 | 12| 1 | 8 | 1 | 2 | 12| 1 | 32| 1 | 24| 8 | 2 | 2 | 24| 1 | 2 | 12| 1 | 8 | 4 | 1 | 54| 2 | 1 | 8 | 4 | 16| 1 | 4 | 1 | 1 | 2 | 12| 8 | 12| 1 | 8 | 2 | 24| 1 | 1 | 16| 24| 3 | 4 | 1 | 4 | 1 | 2 | 24| 4 | 12| 1 | 12| 36| 1 | 16| 1 | 72| 2 | 1 | 1 | 8 | 1 | 16| 1 | 8 | 1 | 8 | 2 | 36| 1 | 4 | 1 | 12| 1 | 4 | 18| 2 | 1 | 4 | 54| 4 | 2 | 2 | 4 | 6 | 24| 4 | 1 | 18
----------------------------------------------------------------------------------------------------------------------------------------------------------------------------------------------------------------------------------------------------------------------------------------------------------------------------------------------------------------------------------------------------------------
| 2 | 4 | 1 | 12| 6 | 4 | 2 | 12| 18| 2 | 4 | 9 | 8 | 3 | 4 | 6 | 1 | 1 | 2 | 3 | 24| 4 | 12| 8 | 1 | 4 | 1 | 4 | 4 | 16| 1 | 1 | 2 | 48| 6 | 4 | 4 | 12| 6 | 1 | 2 | 32| 6 | 2 | 1 | 4 | 12| 1 | 1 | 8 | 6 | 8 | 6 | 10| 24| 3 | 2 | 1 | 4 | 3 | 8 | 1 | 2 | 2 | 2 | 4 | 8 | 1 | 36| 2 | 2 | 24| 1 | 1 | 1 | 12| 2 | 8 | 24| 1 | 4 | 8 | 1 | 12| 8 | 4 | 12| 1 | 18| 6 | 1 | 2 | 6 | 1 | 12| 2 | 4 
----------------------------------------------------------------------------------------------------------------------------------------------------------------------------------------------------------------------------------------------------------------------------------------------------------------------------------------------------------------------------------------------------------------
| 2 | 1 | 12| 4 | 1 | 12| 1 | 4 | 6 | 6 | 1 | 8 | 1 | 8 | 1 | 4 | 1 | 8 | 48| 6 | 4 | 1 | 4 | 1 | 4 | 1 | 12| 2 | 1 | 6 | 1 | 4 | 36| 1 | 1 | 24| 1 | 2 | 3 | 16| 1 | 1 | 1 | 4 | 24| 3 | 24| 6 | 8 | 1 | 4 | 1 | 4 | 18| 2 | 48| 8 | 2 | 24| 4 | 2 | 24| 6 | 36| 1 | 1 | 8 | 2 | 2 | 6 | 48| 3 | 8 | 1 | 24| 16| 1 | 6 | 2 | 1 | 1 | 1 | 48| 3 | 2 | 1 | 32| 4 | 4 | 1 | 16| 2 | 12| 4 | 3 | 2 | 1 
----------------------------------------------------------------------------------------------------------------------------------------------------------------------------------------------------------------------------------------------------------------------------------------------------------------------------------------------------------------------------------------------------------------
| 2 | 4 | 12| 1 | 4 | 12| 2 | 1 | 2 | 12| 1 | 1 | 8 | 1 | 16| 1 | 1 | 4 | 1 | 48| 1 | 12| 4 | 2 | 24| 2 | 4 | 4 | 1 | 4 | 12| 48| 2 | 48| 2 | 1 | 4 | 2 | 12| 1 | 24| 4 | 1 | 2 | 3 | 16| 1 | 2 | 8 | 4 | 24| 4 | 1 | 2 | 2 | 18| 1 | 36| 2 | 1 | 4 | 1 | 4 | 4 | 1 | 8 | 1 | 36| 1 | 8 | 1 | 24| 1 | 8 | 1 | 2 | 6 | 1 | 8 | 1 | 16| 1 | 4 | 24| 4 | 80| 3 | 2 | 1 | 16| 1 | 36| 4 | 1 | 12| 4 | 4 
----------------------------------------------------------------------------------------------------------------------------------------------------------------------------------------------------------------------------------------------------------------------------------------------------------------------------------------------------------------------------------------------------------------
| 9 | 4 | 1 | 24| 4 | 1 | 24| 1 | 8 | 1 | 8 | 36| 2 | 4 | 1 | 4 | 54| 8 | 2 | 12| 1 | 2 | 36| 2 | 1 | 1 | 2 | 81| 8 | 1 | 2 | 2 | 1 | 6 | 12| 1 | 2 | 2 | 2 | 8 | 1 | 1 | 4 | 18| 8 | 1 | 16| 1 | 2 | 3 | 4 | 10| 48| 1 | 2 | 2 | 8 | 1 | 24| 4 | 36| 4 | 1 | 4 | 2 | 4 | 36| 2 | 4 | 1 | 16| 2 | 8 | 6 | 8 | 18| 9 | 4 | 10| 24| 3 | 4 | 1 | 1 | 1 | 8 | 24| 4 | 4 | 1 | 1 | 4 | 1 | 16| 1 | 24| 1 
----------------------------------------------------------------------------------------------------------------------------------------------------------------------------------------------------------------------------------------------------------------------------------------------------------------------------------------------------------------------------------------------------------------
| 4 | 1 | 16| 1 | 2 | 24| 1 | 16| 6 | 4 | 1 | 8 | 1 | 2 | 12| 18| 4 | 1 | 96| 6 | 4 | 1 | 1 | 8 | 24| 4 | 36| 4 | 1 | 16| 1 | 8 | 2 | 2 | 24| 4 | 8 | 1 | 1 | 2 | 24| 2 | 2 | 2 | 2 | 4 | 2 | 2 | 24| 6 | 16| 1 | 1 | 2 | 8 | 1 | 12| 1 | 8 | 1 | 2 | 24| 4 | 6 | 6 | 1 | 4 | 1 | 18| 18| 2 | 1 | 4 | 1 | 2 | 6 | 4 | 1 | 1 | 4 | 3 | 6 | 24| 2 | 24| 6 | 1 | 2 | 18| 2 | 8 | 2 | 24| 1 | 4 | 1 | 4 
----------------------------------------------------------------------------------------------------------------------------------------------------------------------------------------------------------------------------------------------------------------------------------------------------------------------------------------------------------------------------------------------------------------
| 1 | 8 | 1 | 16| 1 | 1 | 16| 1 | 1 | 36| 4 | 1 | 4 | 48| 1 | 4 | 1 | 36| 6 | 1 | 1 | 8 | 1 | 4 | 1 | 2 | 12| 1 | 16| 1 | 16| 1 | 24| 1 | 2 | 1 | 12| 8 | 1 | 8 | 1 | 18| 4 | 1 | 8 | 1 | 2 | 36| 2 | 4 | 1 | 24| 4 | 18| 12| 2 | 6 | 4 | 1 | 8 | 1 | 4 | 1 | 12| 1 | 4 | 1 | 24| 4 | 2 | 4 | 2 | 8 | 1 | 16| 1 | 1 | 4 | 12| 1 | 8 | 1 | 4 | 6 | 1 | 4 | 6 | 6 | 16| 2 | 8 | 1 | 4 | 36| 1 | 4 | 18
----------------------------------------------------------------------------------------------------------------------------------------------------------------------------------------------------------------------------------------------------------------------------------------------------------------------------------------------------------------------------------------------------------------
| 4 | 12| 1 | 2 | 6 | 32| 1 | 24| 8 | 1 | 4 | 2 | 6 | 6 | 18| 8 | 1 | 8 | 2 | 2 | 12| 16| 2 | 2 | 18| 2 | 1 | 16| 1 | 8 | 1 | 8 | 1 | 4 | 36| 16| 1 | 2 | 24| 3 | 2 | 16| 1 | 24| 1 | 12| 24| 1 | 2 | 1 | 12| 4 | 1 | 8 | 1 | 6 | 36| 6 | 4 | 24| 18| 4 | 4 | 24| 4 | 2 | 48| 3 | 2 | 1 | 12| 24| 1 | 8 | 1 | 24| 2 | 12| 27| 16| 3 | 4 | 1 | 6 | 8 | 1 | 24| 2 | 6 | 1 | 2 | 12| 1 | 4 | 36| 1 | 4 
----------------------------------------------------------------------------------------------------------------------------------------------------------------------------------------------------------------------------------------------------------------------------------------------------------------------------------------------------------------------------------------------------------------
| 1 | 32| 1 | 2 | 12| 1 | 24| 1 | 1 | 4 | 1 | 24| 1 | 2 | 12| 1 | 16| 1 | 1 | 16| 1 | 1 | 24| 4 | 12| 4 | 16| 1 | 4 | 27| 12| 1 | 2 | 12| 1 | 12| 2 | 16| 1 | 48| 2 | 60| 1 | 2 | 8 | 2 | 2 | 1 | 8 | 1 | 8 | 1 | 16| 1 | 8 | 96| 6 | 2 | 1 | 6 | 6 | 48| 1 | 2 | 8 | 1 | 4 | 6 | 32| 1 | 4 | 6 | 2 | 12| 1 | 4 | 36| 1 | 8 | 1 | 4 | 3 | 8 | 4 | 1 | 8 | 1 | 1 | 4 | 24| 2 | 36| 1 | 2 | 18| 8 | 1 
----------------------------------------------------------------------------------------------------------------------------------------------------------------------------------------------------------------------------------------------------------------------------------------------------------------------------------------------------------------------------------------------------------------
| 4 | 1 | 12| 12| 1 | 1 | 8 | 2 | 8 | 9 | 8 | 1 | 24| 1 | 12| 4 | 1 | 16| 2 | 2 | 18| 4 | 1 | 1 | 1 | 1 | 4 | 1 | 6 | 48| 2 | 8 | 1 | 8 | 1 | 4 | 36| 1 | 36| 4 | 1 | 4 | 24| 1 | 24| 1 | 4 | 2 | 24| 4 | 2 | 8 | 1 | 16| 1 | 4 | 1 | 2 | 8 | 2 | 4 | 1 | 16| 1 | 1 | 8 | 1 | 2 | 1 | 36| 2 | 2 | 12| 2 | 8 | 1 | 2 | 24| 3 | 4 | 1 | 32| 1 | 2 | 2 | 48| 12| 8 | 1 | 4 | 1 | 8 | 1 | 16| 1 | 1 | 2 
----------------------------------------------------------------------------------------------------------------------------------------------------------------------------------------------------------------------------------------------------------------------------------------------------------------------------------------------------------------------------------------------------------------
| 1 | 4 | 12| 2 | 48| 12| 2 | 1 | 2 | 12| 1 | 4 | 6 | 32| 1 | 6 | 8 | 1 | 6 | 24| 2 | 36| 2 | 4 | 24| 2 | 4 | 4 | 16| 1 | 2 | 81| 4 | 1 | 8 | 1 | 2 | 36| 4 | 1 | 4 | 2 | 1 | 8 | 1 | 1 | 90| 6 | 1 | 2 | 72| 3 | 8 | 1 | 4 | 2 | 4 | 12| 2 | 1 | 4 | 54| 2 | 4 | 8 | 18| 4 | 6 | 4 | 2 | 24| 1 | 32| 1 | 6 | 4 | 2 | 2 | 12| 6 | 2 | 4 | 4 | 2 | 6 | 1 | 2 | 1 | 4 | 24| 1 | 2 | 24| 1 | 2 | 6 | 24
----------------------------------------------------------------------------------------------------------------------------------------------------------------------------------------------------------------------------------------------------------------------------------------------------------------------------------------------------------------------------------------------------------------
| 2 | 6 | 2 | 1 | 8 | 1 | 8 | 1 | 8 | 1 | 1 | 48| 1 | 2 | 2 | 32| 1 | 16| 8 | 4 | 1 | 8 | 1 | 12| 1 | 6 | 2 | 1 | 8 | 2 | 16| 2 | 12| 6 | 48| 4 | 16| 1 | 2 | 36| 12| 4 | 8 | 27| 8 | 4 | 8 | 48| 2 | 2 | 12| 4 | 1 | 8 | 1 | 6 | 4 | 1 | 8 | 2 | 12| 2 | 8 | 1 | 4 | 1 | 1 | 18| 4 | 1 | 12| 4 | 1 | 24| 1 | 36| 4 | 1 | 4 | 8 | 12| 4 | 1 | 24| 2 | 8 | 4 | 8 | 81| 2 | 1 | 16| 1 | 4 | 4 | 12| 1 
----------------------------------------------------------------------------------------------------------------------------------------------------------------------------------------------------------------------------------------------------------------------------------------------------------------------------------------------------------------------------------------------------------------
| 1 | 4 | 24| 1 | 2 | 2 | 8 | 1 | 24| 4 | 12| 6 | 1 | 12| 18| 1 | 16| 1 | 1 | 24| 8 | 1 | 8 | 1 | 4 | 2 | 24| 4 | 1 | 6 | 2 | 1 | 2 | 81| 2 | 1 | 1 | 8 | 24| 1 | 4 | 1 | 2 | 18| 2 | 1 | 12| 1 | 12| 54| 1 | 1 | 4 | 12| 2 | 48| 1 | 16| 1 | 36| 4 | 1 | 24| 1 | 16| 2 | 32| 6 | 2 | 2 | 1 | 12| 8 | 2 | 30| 2 | 1 | 8 | 1 | 1 | 6 | 12| 1 | 2 | 1 | 8 | 1 | 2 | 2 | 24| 4 | 1 | 12| 4 | 1 | 4 | 2 
----------------------------------------------------------------------------------------------------------------------------------------------------------------------------------------------------------------------------------------------------------------------------------------------------------------------------------------------------------------------------------------------------------------
| 6 | 24| 1 | 8 | 24| 1 | 2 | 54| 2 | 1 | 8 | 2 | 8 | 2 | 32| 1 | 2 | 3 | 1 | 1 | 1 | 4 | 12| 2 | 24| 1 | 2 | 6 | 16| 12| 1 | 4 | 24| 2 | 16| 1 | 4 | 2 | 1 | 8 | 4 | 12| 4 | 1 | 4 | 8 | 2 | 16| 1 | 4 | 2 | 12| 54| 1 | 24| 2 | 24| 1 | 12| 2 | 1 | 8 | 1 | 8 | 1 | 24| 1 | 1 | 8 | 54| 4 | 1 | 4 | 1 | 8 | 12| 16| 3 | 16| 1 | 4 | 3 | 16| 4 | 36| 2 | 1 | 12| 2 | 1 | 24| 4 | 2 | 2 | 36| 1 | 6 
----------------------------------------------------------------------------------------------------------------------------------------------------------------------------------------------------------------------------------------------------------------------------------------------------------------------------------------------------------------------------------------------------------------
| 4 | 1 | 24| 2 | 1 | 16| 4 | 2 | 16| 1 | 1 | 1 | 24| 1 | 2 | 12| 4 | 4 | 24| 2 | 24| 12| 1 | 18| 2 | 2 | 12| 2 | 1 | 8 | 2 | 12| 6 | 1 | 1 | 1 | 24| 2 | 2 | 24| 1 | 2 | 1 | 4 | 8 | 1 | 1 | 2 | 24| 1 | 36| 2 | 4 | 36| 2 | 1 | 8 | 1 | 36| 4 | 1 | 24| 1 | 12| 2 | 1 | 16| 1 | 4 | 1 | 12| 8 | 4 | 6 | 6 | 1 | 6 | 48| 1 | 16| 1 | 2 | 18| 1 | 4 | 1 | 16| 1 | 8 | 48| 1 | 1 | 1 | 16| 2 | 16| 12
----------------------------------------------------------------------------------------------------------------------------------------------------------------------------------------------------------------------------------------------------------------------------------------------------------------------------------------------------------------------------------------------------------------
| 1 | 2 | 1 | 2 | 36| 1 | 1 | 2 | 1 | 8 | 24| 2 | 2 | 12| 2 | 6 | 1 | 4 | 1 | 36| 2 | 1 | 24| 1 | 4 | 6 | 24| 12| 4 | 1 | 1 | 2 | 6 | 1 | 8 | 2 | 1 | 6 | 18| 1 | 12| 36| 4 | 1 | 2 | 6 | 8 | 20| 1 | 8 | 4 | 1 | 2 | 3 | 48| 4 | 1 | 8 | 1 | 1 | 8 | 1 | 8 | 1 | 4 | 8 | 1 | 1 | 4 | 54| 2 | 1 | 2 | 36| 2 | 16| 2 | 6 | 4 | 1 | 8 | 12| 9 | 4 | 1 | 24| 2 | 1 | 2 | 9 | 12| 2 | 8 | 1 | 4 | 1 | 4 
----------------------------------------------------------------------------------------------------------------------------------------------------------------------------------------------------------------------------------------------------------------------------------------------------------------------------------------------------------------------------------------------------------------
| 18| 12| 2 | 4 | 4 | 1 | 4 | 18| 4 | 1 | 2 | 18| 8 | 1 | 8 | 2 | 4 | 36| 4 | 1 | 16| 2 | 4 | 12| 1 | 1 | 8 | 1 | 24| 2 | 24| 2 | 24| 4 | 1 | 12| 4 | 2 | 6 | 16| 2 | 4 | 1 | 4 | 24| 9 | 6 | 18| 8 | 1 | 4 | 1 | 2 | 12| 1 | 24| 1 | 36| 6 | 36| 6 | 1 | 12| 2 | 36| 1 | 16| 6 | 2 | 12| 1 | 8 | 4 | 1 | 1 | 4 | 1 | 8 | 1 | 4 | 1 | 2 | 6 |108| 8 | 1 | 8 | 12| 4 | 2 | 4 | 36| 1 | 36| 2 | 1 | 1 
----------------------------------------------------------------------------------------------------------------------------------------------------------------------------------------------------------------------------------------------------------------------------------------------------------------------------------------------------------------------------------------------------------------
| 4 | 1 | 2 | 18| 1 | 16| 9 | 12| 36| 12| 4 | 1 | 1 | 16| 1 | 2 | 54| 1 | 18| 4 | 1 | 4 | 1 | 24| 18| 4 | 1 | 1 | 2 | 18| 2 | 2 | 1 | 6 | 12|128| 1 | 16| 1 | 12| 1 | 24| 2 | 12| 2 | 2 | 18| 2 | 1 | 24| 2 | 4 | 12| 6 | 2 | 1 | 4 | 18| 4 | 2 | 8 | 12| 24| 12| 2 | 16| 1 | 4 | 24| 1 | 4 | 1 | 1 | 4 | 24| 2 | 4 | 18| 8 | 1 | 4 | 36| 1 | 8 | 1 | 8 | 1 | 2 | 36| 1 | 1 | 6 | 8 | 2 | 12| 4 | 1 
----------------------------------------------------------------------------------------------------------------------------------------------------------------------------------------------------------------------------------------------------------------------------------------------------------------------------------------------------------------------------------------------------------------
| 1 | 2 | 3 | 12| 8 | 1 | 8 | 1 | 8 | 1 | 1 | 4 | 1 | 2 | 12| 6 | 4 | 2 | 16| 27| 4 | 1 | 8 | 12| 2 | 2 | 4 | 2 | 2 | 8 | 1 | 8 | 4 | 8 | 1 | 18| 4 | 1 | 16| 2 | 6 | 4 | 1 | 1 | 4 | 1 | 4 | 12| 12| 2 | 24| 1 | 4 | 6 | 72| 12| 1 | 4 | 1 | 1 | 20| 1 | 6 | 2 | 1 | 1 | 16| 1 | 1 | 36| 8 | 2 | 2 | 18| 2 | 1 | 72| 2 | 1 | 8 | 36| 2 | 4 | 3 | 4 | 12| 2 | 4 | 9 | 4 | 1 | 8 | 1 | 1 | 2 | 18| 4 
----------------------------------------------------------------------------------------------------------------------------------------------------------------------------------------------------------------------------------------------------------------------------------------------------------------------------------------------------------------------------------------------------------------
| 4 | 16| 3 | 8 | 1 | 8 | 1 | 1 | 2 | 24| 1 | 1 | 4 | 12| 1 | 8 | 1 | 12| 2 | 2 | 36| 4 | 1 | 4 | 1 | 1 | 4 | 2 | 12| 1 | 4 | 18| 1 | 10| 12| 2 | 48| 6 | 2 | 1 | 12| 1 | 4 | 2 | 8 | 8 | 1 | 1 | 8 | 1 | 4 | 2 | 2 | 1 | 4 | 2 | 4 | 18| 8 | 2 | 4 | 36| 1 | 12| 8 | 4 | 4 | 2 | 24| 4 | 1 | 4 | 36| 2 | 4 | 4 | 6 | 1 | 36| 2 | 1 | 2 | 3 | 16| 1 | 2 | 18| 1 | 4 | 81| 8 | 1 | 16| 1 | 8 | 1 | 1 
----------------------------------------------------------------------------------------------------------------------------------------------------------------------------------------------------------------------------------------------------------------------------------------------------------------------------------------------------------------------------------------------------------------
| 1 | 1 | 8 | 1 | 8 | 18| 2 | 8 | 4 | 1 | 4 | 6 | 12| 1 | 8 | 1 | 8 | 1 | 16| 1 | 2 | 27| 4 | 16| 2 | 24| 2 | 1 | 32| 2 | 6 | 32| 2 | 12| 4 | 1 | 2 | 18| 2 | 32| 24| 4 | 1 | 54| 2 | 1 | 8 | 24| 1 | 8 | 8 | 3 | 16| 2 | 4 | 1 | 18| 36| 1 | 24| 1 | 4 | 12| 6 | 2 | 1 | 6 | 9 | 2 | 1 | 4 | 1 | 4 | 1 | 4 | 1 | 4 | 2 | 2 | 8 | 2 | 8 | 6 | 36| 8 | 1 | 16| 12| 1 | 8 | 1 | 1 | 4 | 1 | 24| 2 | 4 
----------------------------------------------------------------------------------------------------------------------------------------------------------------------------------------------------------------------------------------------------------------------------------------------------------------------------------------------------------------------------------------------------------------
| 12| 4 | 1 | 8 | 1 | 4 | 18| 1 | 12| 4 | 12| 18| 12| 4 | 1 | 2 | 18| 4 | 1 | 4 | 4 | 4 | 2 | 3 | 24| 1 | 32| 2 | 1 | 4 | 12| 3 | 18| 2 | 1 | 12| 4 | 2 | 4 | 1 | 2 | 18| 4 | 4 | 6 | 48| 2 | 1 | 1 | 2 | 9 | 2 | 1 | 24| 1 | 8 | 4 | 1 | 4 | 1 | 24| 2 | 1 | 2 | 6 | 8 | 2 | 32| 4 | 8 | 1 | 4 | 24| 2 | 8 | 12| 1 | 4 | 1 | 36| 6 | 1 | 12| 2 | 1 | 4 | 1 | 4 | 24| 1 | 2 | 6 | 32| 2 | 4 | 3 | 1 
----------------------------------------------------------------------------------------------------------------------------------------------------------------------------------------------------------------------------------------------------------------------------------------------------------------------------------------------------------------------------------------------------------------
| 1 | 24| 2 | 24| 2 | 2 | 6 | 2 | 8 | 1 | 2 | 3 | 24| 1 | 8 | 1 | 4 | 12| 2 | 4 | 1 | 2 | 6 | 2 | 1 | 2 | 18| 3 | 12| 2 | 1 | 8 | 1 | 8 | 4 | 12| 4 | 1 | 4 | 4 | 32| 6 | 2 | 1 | 4 | 9 | 8 | 2 | 16| 8 | 1 | 16| 2 | 6 | 8 | 1 | 1 | 4 | 54| 4 | 1 | 4 | 1 | 24| 2 | 8 | 1 | 8 | 3 | 2 | 2 | 24| 1 | 4 | 1 | 4 | 6 | 24| 8 | 1 | 48| 2 | 1 | 16| 1 | 24| 1 | 3 | 2 | 1 | 24| 2 | 1 | 6 | 18| 16| 1 
----------------------------------------------------------------------------------------------------------------------------------------------------------------------------------------------------------------------------------------------------------------------------------------------------------------------------------------------------------------------------------------------------------------
| 4 | 1 | 2 | 1 | 24| 2 | 24| 2 | 1 | 4 | 24| 2 | 2 | 4 | 1 | 8 | 1 | 2 | 18| 12| 12| 4 | 32| 1 | 8 | 36| 2 | 16| 27| 4 | 2 | 1 | 8 | 3 | 8 | 1 | 1 | 16| 1 | 1 | 4 | 1 | 24| 8 | 1 | 8 | 1 | 2 | 18| 1 | 4 | 1 | 12| 2 | 1 | 8 | 4 | 2 | 2 | 6 | 2 | 2 | 18| 4 | 1 | 1 | 8 | 12| 8 | 2 | 24| 1 | 16| 1 | 8 | 4 | 2 | 2 | 1 | 12| 2 | 2 | 8 | 1 | 4 | 2 | 24| 4 | 36| 8 | 1 | 2 | 16| 8 | 24| 1 | 8 
----------------------------------------------------------------------------------------------------------------------------------------------------------------------------------------------------------------------------------------------------------------------------------------------------------------------------------------------------------------------------------------------------------------
| 6 | 2 | 16| 2 | 2 | 18| 1 | 8 | 12| 4 | 1 | 4 | 1 | 24| 2 | 2 | 2 | 16| 1 | 6 | 4 | 1 | 6 | 36| 1 | 8 | 1 | 1 | 12| 2 | 18| 4 | 1 | 8 | 2 | 1 | 16| 1 | 12| 6 | 8 | 2 | 4 | 1 | 24| 2 | 1 | 4 | 2 | 4 | 3 | 4 | 1 | 12| 4 | 1 | 24| 1 | 2 | 12| 24| 2 | 36| 1 | 8 | 12| 2 | 1 | 2 | 36| 1 | 24| 2 | 1 | 4 | 1 | 1 | 4 | 12| 72| 4 | 9 | 8 | 6 | 4 | 1 | 4 | 1 | 8 | 1 | 6 | 2 | 1 | 1 | 2 | 12| 1 
----------------------------------------------------------------------------------------------------------------------------------------------------------------------------------------------------------------------------------------------------------------------------------------------------------------------------------------------------------------------------------------------------------------
| 4 | 1 | 2 | 18| 8 | 2 | 16| 1 | 1 | 2 | 2 | 4 | 12| 1 | 6 | 6 | 24| 1 | 12| 24| 1 | 2 | 4 | 18| 4 | 1 | 16| 2 | 8 | 1 | 4 | 27| 8 | 1 | 4 | 8 | 1 | 1 | 8 | 2 | 4 | 1 | 24| 4 | 1 | 16| 2 | 36| 1 | 6 | 24| 1 | 16| 1 | 9 | 8 | 1 | 12| 12| 2 | 32| 18| 2 | 16| 1 | 1 | 8 | 2 | 4 | 9 | 4 | 1 | 16| 6 | 16| 2 | 4 | 1 | 4 | 1 | 8 | 2 | 18| 4 | 1 | 8 | 1 | 16| 1 | 2 | 8 | 4 | 24| 4 | 2 | 24| 4 
----------------------------------------------------------------------------------------------------------------------------------------------------------------------------------------------------------------------------------------------------------------------------------------------------------------------------------------------------------------------------------------------------------------
| 1 | 8 | 1 | 2 | 2 | 1 | 2 | 24| 48| 8 | 1 | 48| 2 | 4 | 6 | 4 | 1 | 8 | 4 | 1 | 2 | 12| 1 | 1 | 24| 1 | 2 | 1 | 1 | 4 | 1 | 8 | 1 | 24| 2 | 1 | 24| 8 | 1 | 2 | 3 | 8 | 1 | 8 | 2 | 1 | 36| 4 | 1 | 8 | 1 | 2 | 1 | 24| 2 | 12| 4 | 6 | 2 | 2 | 18| 2 | 4 | 1 | 4 | 6 | 24| 3 | 12| 4 | 30| 4 | 6 | 4 | 1 | 36| 1 | 12| 36| 8 | 1 | 1 | 8 | 1 | 16| 3 | 8 | 1 | 4 | 27| 16| 1 | 1 | 18| 2 | 1 | 1 
----------------------------------------------------------------------------------------------------------------------------------------------------------------------------------------------------------------------------------------------------------------------------------------------------------------------------------------------------------------------------------------------------------------
| 2 | 6 | 4 | 16| 2 | 2 | 24| 6 | 1 | 2 | 6 | 36| 2 | 1 | 4 | 1 | 24| 2 | 1 | 2 | 9 | 4 | 8 | 24| 1 | 36| 4 | 2 | 8 | 18| 4 | 1 | 16| 1 | 8 | 12| 1 | 1 | 12| 2 | 8 | 1 | 4 | 1 | 48| 6 | 2 | 1 | 2 | 1 | 4 | 48| 4 | 8 | 1 | 4 | 1 | 8 | 1 | 4 | 4 | 1 | 4 | 24| 1 | 54| 4 | 2 | 2 | 1 | 16| 1 | 4 | 1 | 16| 2 | 16| 2 | 4 | 1 | 4 | 24| 1 | 16| 1 | 32| 1 | 8 | 6 | 2 | 2 | 1 | 12| 2 | 8 | 2 | 4 
----------------------------------------------------------------------------------------------------------------------------------------------------------------------------------------------------------------------------------------------------------------------------------------------------------------------------------------------------------------------------------------------------------------
| 1 | 32| 1 | 2 | 1 | 18| 2 | 2 | 24| 2 | 24| 2 | 36| 4 | 4 | 2 | 2 | 24| 4 | 2 | 16| 90| 1 | 1 | 2 | 6 |108| 6 | 1 | 2 | 54| 8 | 1 | 36| 2 | 2 | 8 | 4 | 2 | 6 | 12| 2 | 8 | 4 | 1 | 4 | 6 | 16| 12| 4 | 36| 6 | 1 | 2 | 6 | 48| 4 | 1 | 8 | 6 | 1 | 4 | 12| 1 | 48| 6 | 2 | 1 | 4 | 2 | 3 | 16| 1 | 64| 3 | 2 | 1 | 1 | 16| 1 | 24| 1 | 16| 1 | 32| 3 | 12| 1 | 4 | 1 | 2 | 8 | 6 | 2 | 1 | 24| 2 
----------------------------------------------------------------------------------------------------------------------------------------------------------------------------------------------------------------------------------------------------------------------------------------------------------------------------------------------------------------------------------------------------------------
| 4 | 1 | 36| 8 | 2 | 96| 4 | 1 | 4 | 18| 2 | 1 | 4 | 2 | 1 | 6 | 24| 1 | 2 | 6 | 1 | 8 | 2 | 36| 12| 1 | 4 | 24| 2 | 12| 1 | 1 | 8 | 2 | 16| 1 | 1 | 24| 1 | 8 | 1 | 12| 1 | 12| 1 | 1 | 4 | 1 | 2 | 1 | 4 | 2 | 8 | 1 | 24| 1 | 24| 2 | 2 | 9 | 48| 18| 1 | 24| 4 | 1 | 32| 18| 2 | 1 | 2 | 2 | 6 | 12| 8 | 2 | 12| 36| 1 | 4 | 1 | 16| 1 | 8 | 1 | 8 | 2 | 8 | 6 | 16| 4 | 24| 1 | 32| 6 | 2 | 1 
----------------------------------------------------------------------------------------------------------------------------------------------------------------------------------------------------------------------------------------------------------------------------------------------------------------------------------------------------------------------------------------------------------------
| 1 | 12| 4 | 1 | 2 | 9 |108| 8 | 1 | 1 | 12| 8 | 1 | 16| 4 | 32| 1 | 4 | 18| 3 | 2 | 1 | 2 | 18| 4 | 1 | 2 | 6 | 9 | 4 | 1 | 24| 2 | 1 | 2 | 36| 1 | 1 | 16| 1 | 4 | 4 | 2 | 18| 8 | 1 | 1 | 24| 2 | 4 | 16| 1 | 6 | 4 | 1 | 16| 1 | 6 | 6 | 4 | 1 | 4 | 24| 1 | 1 | 4 | 1 | 4 | 18| 2 | 1 | 4 | 1 | 8 | 1 | 12| 2 | 8 | 4 | 24| 2 | 1 | 16| 1 | 8 | 12| 1 | 2 | 12| 1 | 2 | 1 | 16| 1 | 72| 2 | 1 
----------------------------------------------------------------------------------------------------------------------------------------------------------------------------------------------------------------------------------------------------------------------------------------------------------------------------------------------------------------------------------------------------------------
| 12| 6 | 1 | 8 | 4 | 2 | 8 | 1 | 4 | 1 | 24| 1 | 16| 1 | 2 | 6 | 1 | 12| 2 | 18| 2 | 1 | 24| 2 | 1 | 4 | 24| 1 | 12| 2 | 1 | 2 | 2 | 1 | 4 | 4 | 4 | 8 | 1 | 4 | 18| 2 | 1 | 8 | 1 | 8 | 18| 4 | 1 | 1 | 6 | 2 | 24| 1 | 12| 2 | 1 | 4 | 4 | 1 | 4 | 1 | 1 | 16| 2 | 8 | 36| 1 | 24| 6 | 8 | 1 | 8 | 1 | 8 | 2 | 1 | 1 | 3 | 2 | 1 | 16| 1 | 8 | 1 | 4 | 2 | 48| 2 | 4 | 24| 8 | 1 | 32| 9 | 4 | 4 
----------------------------------------------------------------------------------------------------------------------------------------------------------------------------------------------------------------------------------------------------------------------------------------------------------------------------------------------------------------------------------------------------------------
| 2 | 2 | 4 | 3 | 16| 1 | 2 | 12| 3 | 8 | 1 | 8 | 2 | 2 | 2 | 12| 2 | 32| 1 | 4 | 36| 8 | 1 | 8 | 1 | 24| 1 | 4 | 1 | 4 | 12| 1 | 16| 4 | 6 | 2 | 1 | 48| 2 | 24| 1 | 6 | 4 | 1 | 8 | 1 | 12| 1 | 8 | 8 | 2 | 24| 2 | 4 | 72| 12| 4 | 1 | 1 | 8 | 1 | 2 | 4 | 1 | 12| 1 | 4 | 6 | 8 | 6 | 1 | 8 | 1 | 8 | 1 | 2 | 36| 4 | 8 | 4 | 2 | 1 | 4 | 2 | 12| 2 | 1 | 6 | 12| 1 | 1 | 1 | 24| 1 | 4 | 6 | 1 
----------------------------------------------------------------------------------------------------------------------------------------------------------------------------------------------------------------------------------------------------------------------------------------------------------------------------------------------------------------------------------------------------------------
| 8 | 1 | 12| 12| 2 | 1 | 16| 3 | 4 | 10| 8 | 1 | 2 | 3 | 4 | 12| 1 | 6 | 4 | 1 | 4 | 1 | 8 | 1 | 8 | 1 | 1 | 1 | 8 | 1 | 16| 6 | 2 | 1 | 8 | 1 | 2 | 6 | 54| 1 | 12| 2 | 1 | 8 | 18| 1 | 8 | 1 | 4 | 1 | 1 | 1 | 1 | 4 | 1 | 1 | 12| 2 | 4 | 12| 4 | 12| 6 | 24| 4 | 1 | 1 | 8 | 1 | 6 | 12| 1 | 2 | 2 | 24| 48| 4 | 1 | 1 | 4 | 36| 4 | 12| 1 | 36| 12| 2 | 8 | 2 | 8 | 6 | 64| 6 | 8 | 1 | 2 | 18
----------------------------------------------------------------------------------------------------------------------------------------------------------------------------------------------------------------------------------------------------------------------------------------------------------------------------------------------------------------------------------------------------------------
| 1 | 8 | 1 | 2 | 18| 8 | 3 | 24| 6 | 1 | 4 | 1 | 16| 8 | 6 | 1 | 4 | 12| 27| 4 | 1 | 4 | 9 | 6 | 6 | 8 | 4 | 8 | 1 | 4 | 1 | 18| 12| 1 | 1 | 8 | 54| 2 | 4 | 12| 2 | 4 | 1 | 1 | 2 | 8 | 1 | 4 | 1 | 8 | 4 | 2 | 8 | 6 | 4 | 1 | 1 | 36| 1 | 1 | 1 | 8 | 1 | 1 | 2 | 36| 4 | 1 | 8 | 4 | 2 | 8 | 24| 30| 6 | 1 | 1 | 2 | 24| 2 | 1 | 4 | 1 | 8 | 9 | 4 | 1 | 1 | 4 | 1 | 24| 3 | 2 | 1 | 4 | 24| 2 
----------------------------------------------------------------------------------------------------------------------------------------------------------------------------------------------------------------------------------------------------------------------------------------------------------------------------------------------------------------------------------------------------------------
| 12| 3 | 4 | 16| 1 | 2 | 2 | 2 | 4 | 2 | 8 | 1 | 2 | 3 | 16| 1 | 18| 2 | 2 | 4 | 48| 1 | 8 | 2 | 4 | 1 | 1 | 1 | 8 | 1 | 8 | 2 | 8 | 1 | 1 | 1 | 8 | 1 | 4 | 1 | 2 | 24| 6 | 4 | 4 | 1 | 24| 1 | 2 | 1 | 12| 12| 1 | 72| 6 | 1 | 4 | 4 | 2 | 24| 2 | 4 | 2 | 8 | 4 | 1 | 18| 8 | 1 | 4 | 1 | 4 | 1 | 8 | 2 | 8 | 2 | 12| 1 | 2 | 2 | 8 | 8 | 1 | 4 | 1 | 4 | 36| 1 | 4 | 6 | 16| 4 | 4 | 36| 6 | 1 
----------------------------------------------------------------------------------------------------------------------------------------------------------------------------------------------------------------------------------------------------------------------------------------------------------------------------------------------------------------------------------------------------------------
| 2 | 16| 1 | 2 | 12| 16| 1 | 12| 1 | 48| 3 | 4 | 2 | 16| 1 | 8 | 24| 4 | 1 | 1 | 6 | 54| 2 | 1 | 16| 2 | 12| 4 | 1 | 12| 18| 1 | 2 | 2 | 4 | 4 | 1 | 1 | 16| 1 | 24| 6 | 2 | 1 | 12| 2 | 2 | 4 | 4 | 1 | 1 | 2 | 12| 3 | 4 | 4 | 2 | 1 | 36| 4 | 3 | 8 | 18| 2 | 1 | 12| 4 | 1 | 2 | 12| 24| 18| 8 | 3 | 1 | 12| 18| 4 | 1 | 12| 12| 1 | 2 | 12| 8 | 2 | 2 | 12| 2 | 6 | 1 | 4 | 1 | 1 | 4 | 2 | 12
----------------------------------------------------------------------------------------------------------------------------------------------------------------------------------------------------------------------------------------------------------------------------------------------------------------------------------------------------------------------------------------------------------------
| 1 | 2 | 54| 4 | 1 | 12| 24| 2 | 16| 1 | 32| 6 | 54| 2 | 1 | 1 | 4 | 1 | 4 | 36| 2 | 16| 12| 4 | 1 | 12| 18| 6 | 16| 2 | 4 | 2 | 24| 6 | 2 | 18| 1 | 16| 1 | 8 | 1 | 8 | 1 | 8 | 1 | 8 | 1 | 4 | 8 | 1 | 4 | 8 | 1 | 4 | 1 | 1 | 32| 12| 2 | 1 | 32| 1 | 1 | 8 | 8 | 1 | 1 | 4 | 12| 1 | 12| 4 | 1 | 2 | 4 | 1 | 4 | 1 | 8 | 1 | 1 | 12| 8 | 1 | 2 | 3 | 8 | 1 | 12| 12| 32| 3 | 4 | 1 | 24| 1 | 4 
----------------------------------------------------------------------------------------------------------------------------------------------------------------------------------------------------------------------------------------------------------------------------------------------------------------------------------------------------------------------------------------------------------------
| 2 | 8 | 2 | 36| 8 | 1 | 4 | 1 | 1 | 24| 6 | 1 | 4 | 12| 2 | 2 | 4 | 6 | 9 | 4 | 1 | 4 | 1 | 6 | 12| 1 | 12| 1 | 2 | 6 | 1 | 18| 4 | 1 | 8 | 6 | 4 | 1 | 24| 6 | 8 | 1 | 8 | 1 | 4 | 1 | 16| 1 | 6 | 36| 4 | 1 | 8 | 1 | 4 | 4 | 1 | 4 | 1 | 16| 1 | 1 | 8 | 1 | 2 | 12| 16| 9 | 36| 18| 2 | 1 | 16| 1 | 12| 2 | 24| 4 | 36| 2 | 4 | 24| 1 | 4 | 24| 1 | 12| 6 | 24| 4 | 1 | 8 | 1 | 4 | 4 | 12| 1 
----------------------------------------------------------------------------------------------------------------------------------------------------------------------------------------------------------------------------------------------------------------------------------------------------------------------------------------------------------------------------------------------------------------
| 3 | 24| 1 | 4 | 1 | 4 | 36| 4 | 16| 1 | 4 | 12| 1 | 48| 18| 6 | 1 | 2 | 48| 1 | 12| 2 | 4 | 4 | 12| 4 | 8 | 1 | 2 | 3 | 4 | 8 | 1 | 4 | 1 | 6 | 12| 2 | 4 | 1 | 12| 1 | 24| 1 | 54| 2 | 1 | 24| 4 | 1 | 1 | 8 | 6 | 2 | 12| 2 | 2 | 2 | 16| 1 | 8 | 4 | 24| 1 | 16| 1 | 2 | 6 | 16| 2 | 3 | 2 | 1 | 8 | 3 | 24| 2 | 1 | 4 | 12| 1 | 1 | 8 | 1 | 1 | 4 | 32| 2 | 12| 1 | 4 | 54| 4 | 1 | 2 | 54| 1 
----------------------------------------------------------------------------------------------------------------------------------------------------------------------------------------------------------------------------------------------------------------------------------------------------------------------------------------------------------------------------------------------------------------
| 16| 1 | 2 | 8 | 6 | 6 | 18| 2 | 1 | 16| 1 | 16| 6 | 2 | 1 | 16| 2 | 12| 2 | 1 | 2 | 1 | 4 | 1 | 1 | 1 | 1 | 4 | 36| 4 | 1 | 2 | 24| 1 | 4 | 48| 1 | 36| 1 | 36| 4 | 2 | 1 | 1 | 4 | 24| 2 | 2 | 1 | 4 | 24| 1 | 4 | 6 | 1 | 1 | 4 | 1 | 1 | 24| 1 | 2 | 1 | 12| 2 | 1 | 16| 1 | 4 | 1 | 8 | 2 | 8 | 1 | 24| 4 | 1 | 8 | 1 | 2 | 24| 1 | 8 | 1 | 16| 1 | 4 | 1 | 4 | 3 | 24| 1 | 12| 4 | 12| 2 | 12
----------------------------------------------------------------------------------------------------------------------------------------------------------------------------------------------------------------------------------------------------------------------------------------------------------------------------------------------------------------------------------------------------------------
| 1 | 16| 1 | 2 | 2 | 48| 1 | 1 | 16| 1 | 16| 1 | 12| 4 | 2 | 12| 1 | 48| 6 | 2 | 1 | 8 | 24| 2 | 2 | 8 | 2 | 18| 2 | 1 | 4 | 24| 1 | 16| 3 | 12| 1 | 8 | 4 | 2 | 1 | 6 | 2 | 12| 1 | 1 | 12| 1 | 16| 2 | 1 | 16| 1 | 8 | 1 | 8 | 12| 4 | 2 | 4 | 1 | 8 | 1 | 2 | 36| 2 | 4 | 2 | 4 | 24| 6 | 12| 1 | 24| 1 | 1 | 4 | 6 | 48| 4 | 1 | 16| 1 | 8 | 1 | 32| 12| 4 | 1 | 4 | 18| 1 | 8 | 1 | 8 | 1 | 4 
----------------------------------------------------------------------------------------------------------------------------------------------------------------------------------------------------------------------------------------------------------------------------------------------------------------------------------------------------------------------------------------------------------------
| 12| 1 | 16| 24| 1 | 4 | 36| 2 | 1 | 16| 1 | 4 | 1 | 12| 1 | 6 | 4 | 1 | 2 | 1 | 4 | 6 | 1 | 24| 3 | 36| 18| 2 | 8 | 12| 6 | 1 | 16| 1 | 48| 2 | 36| 2 | 1 | 1 | 8 | 24| 6 | 2 | 4 | 16| 1 | 24| 2 | 1 | 16| 1 | 8 | 1 | 16| 1 | 12| 1 | 24| 1 | 4 | 9 | 4 | 1 | 4 | 18| 32| 3 | 18| 6 | 1 | 4 | 2 | 4 | 24| 1 | 24| 3 | 2 | 1 | 16| 1 | 16| 1 | 4 | 1 | 1 | 6 | 1 | 12| 6 | 8 | 1 | 4 | 1 | 8 | 1 
----------------------------------------------------------------------------------------------------------------------------------------------------------------------------------------------------------------------------------------------------------------------------------------------------------------------------------------------------------------------------------------------------------------
| 2 | 16| 3 | 6 | 4 | 1 | 2 | 18| 4 | 1 | 8 | 54| 4 | 4 | 12| 1 | 1 | 1 | 8 | 4 | 12| 4 | 32| 1 | 32| 1 | 8 | 1 | 2 | 3 | 48| 8 | 1 | 1 | 4 | 1 | 4 | 6 | 2 | 12| 2 | 1 | 8 | 1 | 1 | 1 | 8 | 1 | 2 | 12| 1 | 4 | 12| 24| 1 | 16| 2 | 8 | 1 | 4 | 18| 2 | 2 | 8 | 1 | 2 | 1 | 96| 3 | 4 | 1 | 48| 12| 1 | 1 | 4 | 60| 24| 12| 4 | 1 | 16| 1 | 4 | 54| 16| 6 | 72| 8 | 1 | 2 | 1 | 8 | 9 | 4 | 2 | 8 
----------------------------------------------------------------------------------------------------------------------------------------------------------------------------------------------------------------------------------------------------------------------------------------------------------------------------------------------------------------------------------------------------------------
| 1 | 1 | 4 | 48| 9 | 12| 12| 1 | 6 | 8 | 1 | 8 | 1 | 2 | 2 | 4 | 36| 4 | 24| 1 | 4 | 1 | 6 | 36| 1 | 8 | 1 | 8 | 4 | 8 | 4 | 1 | 24| 8 | 1 | 24| 1 | 4 | 4 | 1 | 4 | 8 | 1 | 4 | 4 | 12| 2 | 1 | 12| 3 | 8 | 1 | 4 | 1 | 12| 2 | 1 | 8 | 2 | 24| 3 | 2 | 1 | 2 | 4 | 2 | 16| 2 | 16| 1 | 12| 6 | 1 | 4 | 2 | 2 | 6 | 4 | 1 | 12| 4 | 1 | 16| 1 | 1 | 12| 2 | 8 | 1 | 4 | 6 | 16| 1 | 6 | 4 | 1 | 2 
----------------------------------------------------------------------------------------------------------------------------------------------------------------------------------------------------------------------------------------------------------------------------------------------------------------------------------------------------------------------------------------------------------------
| 2 | 8 | 1 | 6 | 4 | 2 | 4 | 18| 16| 1 | 24| 1 | 2 | 16| 1 | 54| 4 | 1 | 2 | 6 | 48| 4 | 2 | 8 | 2 | 2 | 12| 12| 1 | 4 | 1 | 8 | 1 | 2 | 2 | 4 | 24| 1 | 2 | 36| 2 | 1 | 8 | 54| 1 | 2 | 24| 1 | 4 | 18| 2 | 4 | 1 | 4 | 18| 4 | 1 | 2 | 3 | 12| 8 | 1 | 4 | 8 | 1 | 4 | 1 | 2 | 1 | 4 | 36| 2 | 8 | 54| 4 | 1 | 12| 1 | 16| 1 | 12| 2 | 4 | 2 | 6 | 4 | 1 | 2 | 24| 1 | 12| 54| 1 | 8 | 1 | 16| 6 
----------------------------------------------------------------------------------------------------------------------------------------------------------------------------------------------------------------------------------------------------------------------------------------------------------------------------------------------------------------------------------------------------------------
| 2 | 2 | 54| 4 | 1 | 1 | 2 | 12| 1 | 8 | 12| 1 | 6 | 3 | 4 | 8 | 1 | 1 | 2 | 36| 1 | 12| 1 | 2 | 1 | 8 | 1 | 2 | 4 | 8 | 1 | 4 | 1 | 8 | 12| 1 | 2 | 6 | 32| 1 | 8 | 1 | 2 | 6 | 4 | 16| 1 | 8 | 1 | 2 | 6 | 1 | 4 | 1 | 4 | 9 | 8 | 2 | 2 | 2 | 1 | 8 | 2 | 1 | 4 | 36| 1 | 16| 2 | 9 | 2 | 1 | 4 | 1 | 4 | 2 | 12| 4 | 1 | 16| 2 | 18| 12| 1 | 12| 1 | 16| 2 | 1 | 16| 1 | 12| 8 | 1 | 1 | 4 | 2 
----------------------------------------------------------------------------------------------------------------------------------------------------------------------------------------------------------------------------------------------------------------------------------------------------------------------------------------------------------------------------------------------------------------
| 1 | 8 | 2 | 1 | 8 | 12| 4 | 2 | 18| 2 | 1 | 8 | 8 | 12| 2 | 1 | 16| 2 | 4 | 1 | 4 | 27| 8 | 1 | 8 | 1 | 12| 4 | 1 | 12| 2 | 12| 4 | 1 | 1 | 16| 2 | 6 | 1 | 16| 1 | 32| 12| 2 | 1 | 2 | 12| 48| 2 | 24| 4 | 1 | 12| 36| 1 | 8 | 1 | 24| 1 | 2 | 24| 1 | 4 | 4 | 2 | 8 | 1 | 6 | 36| 2 | 16| 4 | 8 | 4 | 36| 2 | 1 | 72| 4 | 1 | 1 | 4 | 18| 1 | 12| 4 | 1 | 4 | 6 | 1 | 24| 2 | 1 | 16| 2 | 2 | 1 
----------------------------------------------------------------------------------------------------------------------------------------------------------------------------------------------------------------------------------------------------------------------------------------------------------------------------------------------------------------------------------------------------------------
| 12| 1 | 1 | 16| 1 | 24| 1 | 4 | 27| 12| 4 | 4 | 1 | 2 | 12| 72| 2 | 1 | 6 | 4 | 4 | 2 | 1 | 36| 6 | 2 | 6 | 18| 8 | 2 | 12| 6 | 4 | 2 | 16| 1 | 36| 1 | 4 | 1 | 4 | 3 | 1 | 8 | 2 | 8 | 1 | 6 | 2 | 1 | 1 | 16| 2 | 4 | 2 | 1 | 8 | 1 | 8 | 8 | 1 | 1 | 4 | 6 | 1 | 4 | 1 | 8 | 1 | 3 | 2 | 1 | 12| 1 | 4 | 12| 96| 6 | 2 | 4 | 24| 1 | 12| 8 | 1 | 6 | 12| 2 | 2 | 8 | 1 | 36| 12| 1 | 36| 4 | 4 
----------------------------------------------------------------------------------------------------------------------------------------------------------------------------------------------------------------------------------------------------------------------------------------------------------------------------------------------------------------------------------------------------------------
| 2 | 4 | 4 | 1 | 12| 2 | 1 | 4 | 6 | 4 | 1 | 16| 4 | 4 | 1 | 8 | 4 | 24| 24| 1 | 1 | 1 | 16| 2 | 16| 18| 4 | 1 | 4 | 1 | 4 | 1 | 4 | 1 | 2 | 12| 2 | 8 | 6 | 8 | 2 | 6 | 6 | 16| 1 | 6 | 2 | 12| 12| 2 | 12| 2 | 1 | 1 | 24| 2 | 24| 6 | 1 | 2 | 1 | 1 | 1 | 8 | 2 | 16| 8 | 1 | 2 | 12| 8 | 4 | 18| 12| 1 | 2 | 9 | 4 | 1 | 4 | 1 | 8 | 1 | 4 | 1 | 48| 1 | 16| 1 | 2 | 12| 2 | 4 | 12| 1 | 8 | 1 
----------------------------------------------------------------------------------------------------------------------------------------------------------------------------------------------------------------------------------------------------------------------------------------------------------------------------------------------------------------------------------------------------------------
| 2 | 1 | 24| 1 | 12| 4 | 8 | 9 | 2 | 1 | 6 | 2 | 1 | 2 | 18| 2 | 1 | 1 | 4 | 12| 12| 8 | 1 | 2 | 9 | 2 | 1 | 4 | 6 | 16| 12| 2 | 16| 1 | 8 | 6 | 1 | 4 | 1 | 4 | 1 | 4 | 36| 1 | 16| 2 | 2 | 12| 2 | 24| 2 | 16| 1 | 16| 2 | 2 | 6 | 2 | 24| 1 | 8 | 1 | 16| 1 | 36| 6 | 1 | 36| 12| 1 | 4 | 1 | 8 | 2 | 32| 18| 4 | 1 | 4 | 6 | 16|120| 1 | 32| 3 | 4 | 1 | 2 | 24| 1 | 3 | 2 | 1 | 6 | 8 | 1 | 12
----------------------------------------------------------------------------------------------------------------------------------------------------------------------------------------------------------------------------------------------------------------------------------------------------------------------------------------------------------------------------------------------------------------
| 12| 2 | 1 | 24| 1 | 2 | 1 | 4 | 12| 96| 6 | 8 | 1 | 16| 1 | 8 | 2 | 16| 1 | 4 | 1 | 2 | 54| 8 | 3 | 8 | 2 | 12| 18| 1 | 4 | 36| 1 | 4 | 1 | 8 | 4 | 4 | 4 | 8 | 36| 1 | 2 | 12| 1 | 1 | 12| 2 | 1 | 4 | 1 | 6 | 24| 1 | 1 | 8 | 2 | 1 | 4 | 8 | 1 | 16| 1 | 16| 1 | 8 | 1 | 4 | 4 | 1 | 4 | 1 | 1 | 1 | 8 | 6 | 2 | 1 | 36| 1 | 2 | 9 | 64| 3 | 2 | 1 | 4 | 24| 1 | 2 | 2 | 1 | 4 | 12| 1 | 1 | 4 
----------------------------------------------------------------------------------------------------------------------------------------------------------------------------------------------------------------------------------------------------------------------------------------------------------------------------------------------------------------------------------------------------------------
| 1 | 16| 2 | 4 | 4 | 1 | 32| 1 | 1 | 4 |108| 2 | 1 | 2 | 6 | 8 | 60| 1 | 2 | 3 | 32| 4 | 8 | 1 | 2 | 16| 18| 2 | 2 | 8 | 1 | 2 | 12| 6 | 4 | 1 | 2 | 6 | 1 | 2 | 12| 2 | 8 | 3 | 8 | 4 | 2 | 12| 2 | 8 | 2 | 2 | 1 | 36| 4 | 1 | 4 | 24| 1 | 1 | 16| 1 | 8 | 1 | 8 | 1 | 24| 2 | 1 | 8 | 4 | 2 | 4 | 36| 4 | 1 | 16| 2 | 8 | 4 | 2 | 12| 1 | 6 | 8 | 1 | 6 | 2 | 2 | 4 | 8 | 1 | 8 | 1 | 2 | 24| 1 
----------------------------------------------------------------------------------------------------------------------------------------------------------------------------------------------------------------------------------------------------------------------------------------------------------------------------------------------------------------------------------------------------------------
| 8 | 1 | 6 | 1 | 54| 8 | 3 | 12| 8 | 1 | 6 | 4 | 12| 12| 12| 1 | 4 | 2 | 12| 24| 1 | 2 | 1 | 16| 1 | 4 | 1 | 8 | 1 | 24| 1 | 8 | 1 | 2 | 12| 2 | 8 | 4 | 1 | 4 | 1 | 2 | 12| 2 | 2 | 1 | 4 | 2 | 6 | 18| 2 | 1 | 16| 2 | 3 | 8 | 1 | 1 | 12| 8 | 1 | 12| 12| 2 | 48| 6 | 2 | 2 | 4 | 1 | 8 | 27| 6 | 1 | 6 | 4 | 1 | 12| 1 | 1 | 8 | 1 | 8 | 2 | 2 | 12| 1 | 12| 18| 1 | 4 | 2 | 2 | 18| 6 | 2 | 4 
----------------------------------------------------------------------------------------------------------------------------------------------------------------------------------------------------------------------------------------------------------------------------------------------------------------------------------------------------------------------------------------------------------------
| 1 | 4 | 48| 1 | 4 | 1 | 4 | 6 | 1 | 4 | 6 | 4 | 4 | 1 | 2 | 24| 2 | 36| 4 | 1 | 4 | 36| 8 | 1 | 4 | 12| 1 | 8 | 1 | 2 | 18| 24| 12| 8 | 1 | 24| 1 | 4 | 2 | 16| 2 | 24| 1 | 2 | 12| 2 | 8 | 1 | 12| 1 | 32| 12| 2 | 1 | 4 | 1 | 16| 2 | 12| 1 | 4 | 12| 1 | 24| 1 | 2 | 16| 1 | 24| 2 | 12| 2 | 4 | 2 | 12| 4 | 4 | 8 | 4 | 8 | 1 | 8 | 12| 1 | 4 | 3 | 8 | 2 | 4 | 6 | 8 | 3 | 1 | 18| 4 | 1 | 4 
----------------------------------------------------------------------------------------------------------------------------------------------------------------------------------------------------------------------------------------------------------------------------------------------------------------------------------------------------------------------------------------------------------------
| 2 | 24| 1 | 2 | 1 | 8 | 1 | 8 | 1 | 4 | 1 | 12| 2 | 1 | 8 | 1 | 4 | 1 | 1 | 1 | 12| 1 | 2 | 6 | 9 | 2 | 1 | 1 | 8 | 1 | 4 | 3 | 2 | 1 | 16| 1 | 16| 6 | 12| 1 | 18| 12| 6 | 8 | 1 | 1 | 2 | 12| 2 | 8 | 1 | 1 | 8 | 4 | 1 | 8 | 1 | 24| 2 | 2 | 1 | 4 | 1 | 2 | 24| 1 | 1 | 24| 1 | 24| 2 | 1 | 16| 6 | 2 | 1 | 1 | 6 | 2 | 1 | 1 | 1 | 6 | 4 | 1 | 18| 2 | 1 | 2 | 36| 1 | 8 | 6 | 8 | 1 | 24| 1 
----------------------------------------------------------------------------------------------------------------------------------------------------------------------------------------------------------------------------------------------------------------------------------------------------------------------------------------------------------------------------------------------------------------
| 6 | 1 | 8 | 24| 2 | 4 | 54| 2 | 4 | 8 | 6 | 8 | 1 | 12| 2 | 2 | 8 | 2 | 8 | 12| 16| 4 | 16| 1 | 16| 1 | 16| 2 | 24| 1 | 1 | 4 | 36| 4 | 1 | 1 | 6 | 12| 1 | 16| 2 | 1 | 2 | 18| 4 | 2 | 2 | 12| 1 | 2 | 72| 18| 2 | 1 | 8 | 1 | 8 | 1 | 1 | 16| 1 | 16| 6 | 2 | 1 | 2 | 12| 2 | 24| 2 | 1 | 2 | 12| 1 | 2 | 24| 2 | 12| 12| 2 | 4 | 60| 2 | 6 | 1 | 4 | 24| 2 | 2 | 1 | 8 | 60| 2 | 6 | 8 | 2 | 8 
----------------------------------------------------------------------------------------------------------------------------------------------------------------------------------------------------------------------------------------------------------------------------------------------------------------------------------------------------------------------------------------------------------------
| 2 | 16| 1 | 1 | 12| 1 | 4 | 12| 1 | 24| 4 | 1 | 8 | 2 | 6 | 2 | 1 | 24| 1 | 4 | 1 | 2 | 3 | 16| 6 | 4 | 1 | 24| 1 | 4 | 36| 1 | 1 | 6 |150| 8 | 6 | 2 | 1 | 4 | 1 | 24| 1 | 4 | 18| 6 | 6 | 3 | 6 | 2 | 2 | 4 | 12| 1 | 4 | 4 | 6 | 6 | 4 | 1 | 8 | 18| 24| 1 | 16| 1 | 8 | 1 | 1 | 4 | 4 | 8 | 1 | 8 | 18| 2 | 4 | 12| 2 | 48| 1 | 16| 1 | 24| 24| 1 | 1 | 36| 5 | 16| 3 | 2 | 1 | 12| 2 | 1 | 1 
----------------------------------------------------------------------------------------------------------------------------------------------------------------------------------------------------------------------------------------------------------------------------------------------------------------------------------------------------------------------------------------------------------------
| 1 | 1 | 4 | 12| 24| 4 | 1 | 36| 2 | 12| 1 | 24| 2 | 1 | 8 | 4 | 16| 1 | 8 | 6 | 1 | 4 | 36| 2 | 1 | 12| 48| 1 | 8 | 54| 4 | 1 | 8 | 6 | 16| 2 | 1 | 8 | 1 | 16| 4 | 16| 6 | 2 | 1 | 4 | 1 | 4 | 18| 2 | 1 | 1 | 24| 2 | 12| 1 | 2 | 36| 18| 16| 1 | 2 | 3 | 8 | 1 | 8 | 1 | 16| 1 | 36| 2 | 1 | 48| 3 | 4 | 1 | 1 | 4 | 1 | 6 | 96| 9 | 4 | 2 | 4 | 2 | 4 | 9 | 8 | 1 | 16| 2 | 4 | 12| 12| 4 | 1 
----------------------------------------------------------------------------------------------------------------------------------------------------------------------------------------------------------------------------------------------------------------------------------------------------------------------------------------------------------------------------------------------------------------
| 2 | 8 | 36| 1 | 2 | 72| 4 | 16| 3 | 4 | 1 | 2 | 1 | 8 | 1 | 2 | 9 | 32| 1 | 16| 4 | 6 | 1 | 4 | 16| 1 | 12| 1 | 2 | 1 | 1 | 36| 2 | 1 | 6 | 12| 4 | 1 | 4 | 1 | 1 | 1 | 36| 4 | 1 | 12| 8 | 1 | 2 | 36| 4 | 24| 1 | 18| 4 | 1 | 4 | 18| 1 | 12| 1 | 24| 4 | 1 | 12| 2 | 1 | 2 | 2 | 2 | 12| 2 | 4 | 12| 1 | 1 | 4 | 24| 2 | 2 | 12| 2 | 24| 1 | 2 | 9 | 24| 6 | 1 | 16| 1 | 24| 1 | 12| 1 | 18| 24
----------------------------------------------------------------------------------------------------------------------------------------------------------------------------------------------------------------------------------------------------------------------------------------------------------------------------------------------------------------------------------------------------------------
| 12| 1 | 1 | 4 | 18| 6 | 1 | 2 | 12| 1 | 4 | 6 | 3 | 2 | 1 | 24| 2 | 2 | 18| 2 | 1 | 6 | 8 | 1 | 6 | 18| 2 | 4 | 24| 1 | 48| 4 | 6 | 12| 4 | 1 | 8 | 1 | 24| 1 | 4 | 4 | 1 | 48| 1 | 24| 1 | 24| 2 | 8 | 1 | 4 | 6 | 32| 1 | 8 | 1 | 8 | 1 | 2 | 8 | 2 | 1 | 8 | 9 | 2 | 4 | 8 | 18| 96| 6 | 6 | 1 | 12| 4 | 1 | 24| 1 | 24| 1 | 8 | 1 | 1 | 4 | 4 | 24| 1 | 4 | 36| 1 | 16| 1 | 8 | 2 | 12| 2 | 6 
----------------------------------------------------------------------------------------------------------------------------------------------------------------------------------------------------------------------------------------------------------------------------------------------------------------------------------------------------------------------------------------------------------------
| 1 | 8 | 2 | 6 | 36| 2 | 24| 2 | 12| 1 | 24| 1 | 16| 24| 2 | 4 | 1 | 16| 2 | 8 | 8 | 2 | 2 | 48| 2 | 4 | 1 | 12| 2 | 1 | 3 | 1 | 4 | 2 | 1 | 32| 3 | 8 | 1 | 8 | 18| 48| 1 | 6 | 24| 1 | 2 | 4 | 18| 1 | 8 | 1 | 6 | 18| 4 | 6 | 4 | 1 | 8 | 1 | 2 | 12| 8 | 1 | 4 | 12| 1 | 2 | 1 | 8 | 1 | 6 | 4 | 1 | 12| 4 | 1 | 16| 1 | 24| 2 | 2 | 4 | 24| 1 | 4 | 24| 1 | 4 | 24| 1 | 2 | 8 | 1 | 8 | 1 | 4 
----------------------------------------------------------------------------------------------------------------------------------------------------------------------------------------------------------------------------------------------------------------------------------------------------------------------------------------------------------------------------------------------------------------
| 2 | 1 | 3 | 6 | 2 | 1 | 4 | 54| 4 | 1 | 1 | 36| 6 | 1 | 4 | 1 | 32| 3 | 2 | 1 | 4 | 1 | 24| 6 | 1 | 1 | 2 | 3 | 72| 4 | 2 | 8 | 1 | 8 | 24| 1 | 8 | 1 | 24| 1 | 1 | 1 | 8 | 2 | 2 | 12| 48| 1 | 6 | 8 | 1 | 48| 6 | 4 | 1 | 32| 1 | 8 | 2 | 24| 8 | 1 | 2 | 24| 1 | 12| 4 | 2 | 24| 1 | 16| 1 | 6 | 16| 1 | 18| 8 | 1 | 12| 1 | 2 | 6 | 2 | 3 | 8 | 1 | 4 | 2 | 2 | 1 | 32| 3 | 2 | 1 | 4 | 1 | 2 
----------------------------------------------------------------------------------------------------------------------------------------------------------------------------------------------------------------------------------------------------------------------------------------------------------------------------------------------------------------------------------------------------------------
| 12| 4 | 8 | 2 | 24| 8 | 1 | 4 | 1 | 12| 4 | 2 | 4 | 12| 48| 1 | 2 | 2 | 8 | 2 | 8 | 54| 2 | 2 | 8 | 6 | 2 | 24| 4 | 1 | 1 | 4 | 36| 1 | 2 | 36| 1 | 24| 4 | 2 | 2 | 8 | 12| 1 | 6 | 2 | 1 | 8 | 2 | 1 | 36| 4 | 1 | 1 | 16| 1 | 8 | 1 | 2 | 6 | 1 | 8 | 2 | 1 | 8 | 1 | 8 | 6 | 12| 2 | 1 | 6 | 2 | 1 | 24| 4 | 1 | 8 | 2 | 24| 1 | 2 | 24| 2 | 4 | 12| 1 | 9 | 16| 4 | 2 | 1 | 16| 2 | 4 | 36| 1 
----------------------------------------------------------------------------------------------------------------------------------------------------------------------------------------------------------------------------------------------------------------------------------------------------------------------------------------------------------------------------------------------------------------
| 6 | 1 | 4 | 1 | 4 | 1 | 1 | 4 | 4 | 6 | 12| 1 | 2 | 3 | 16| 2 | 24| 1 | 8 | 6 | 1 | 4 | 12| 1 | 8 | 2 | 12| 1 | 2 | 6 | 64| 1 | 4 | 24| 6 | 2 | 12| 2 | 1 | 2 | 36| 1 | 4 | 2 | 8 | 8 | 2 | 8 | 1 | 24| 4 | 1 | 4 | 8 | 1 | 4 | 9 | 12| 2 | 2 | 24| 1 | 4 | 12| 1 | 36| 2 | 1 | 2 | 24| 4 | 32| 24| 4 | 1 | 1 | 24| 4 | 1 | 8 | 1 | 24| 2 | 1 | 1 | 18| 8 | 2 | 2 | 1 | 18| 8 | 1 | 6 | 81| 4 | 1 
----------------------------------------------------------------------------------------------------------------------------------------------------------------------------------------------------------------------------------------------------------------------------------------------------------------------------------------------------------------------------------------------------------------
| 2 | 4 | 12| 1 | 16| 1 | 12| 18| 1 | 4 | 1 | 8 | 6 | 32| 1 | 12| 2 | 12| 2 | 1 | 16| 1 | 8 | 4 | 4 | 1 | 16| 4 | 16| 3 | 6 | 12| 2 | 3 | 2 | 4 | 1 | 4 | 6 | 4 | 1 | 16| 2 | 6 | 1 | 1 | 4 | 1 | 8 | 2 | 1 | 1 | 36| 2 | 1 | 2 | 6 | 8 | 4 | 1 | 8 | 2 | 12| 45| 12| 2 | 12| 36| 2 | 1 | 2 | 3 | 24| 1 | 1 | 36| 2 | 1 | 4 | 1 | 16| 1 | 16| 2 | 4 | 18| 1 | 2 | 48| 6 | 4 | 1 | 4 | 72| 4 | 1 | 4 
----------------------------------------------------------------------------------------------------------------------------------------------------------------------------------------------------------------------------------------------------------------------------------------------------------------------------------------------------------------------------------------------------------------
| 1 | 24| 1 | 12| 2 | 1 | 8 | 2 | 4 | 54| 4 | 1 | 24| 1 | 4 | 12| 1 | 4 | 4 | 8 | 1 | 36| 2 | 1 | 32| 4 | 8 | 1 | 1 | 2 | 4 | 1 | 18| 4 | 1 | 8 | 24| 1 | 1 | 36| 4 | 1 | 2 | 72| 4 | 1 | 12| 4 | 1 | 16| 2 | 16| 1 | 4 | 4 | 16| 1 | 2 | 1 | 8 | 1 | 36| 1 | 24| 4 | 1 | 4 | 1 | 8 | 2 | 24| 8 | 2 | 24| 1 | 4 | 18| 24| 3 | 4 | 1 | 8 | 1 |108| 10| 8 | 6 | 4 | 1 | 12| 1 | 24| 2 | 1 | 4 | 2 | 12
----------------------------------------------------------------------------------------------------------------------------------------------------------------------------------------------------------------------------------------------------------------------------------------------------------------------------------------------------------------------------------------------------------------
| 4 | 4 | 4 | 54| 8 | 2 | 4 | 1 | 2 | 12| 6 | 8 | 1 | 4 | 36| 1 | 24| 2 | 1 | 2 | 6 | 2 | 4 | 4 | 12| 1 | 2 | 24| 2 | 8 | 1 | 12| 4 | 1 | 24| 1 | 2 | 36| 6 | 1 | 72| 12| 8 | 1 | 36| 8 | 1 | 12| 36| 1 | 24| 1 | 8 | 18| 2 | 1 | 4 | 1 | 12| 18| 8 | 2 | 2 | 18| 1 | 8 | 1 | 8 | 1 | 8 | 1 | 4 | 1 | 4 | 24| 1 | 8 | 2 | 8 | 18| 2 | 12| 1 | 12| 2 | 1 | 6 | 6 | 1 | 48| 8 | 1 | 12| 4 | 16| 1 | 1 
----------------------------------------------------------------------------------------------------------------------------------------------------------------------------------------------------------------------------------------------------------------------------------------------------------------------------------------------------------------------------------------------------------------
| 1 | 24| 1 | 4 | 1 | 1 | 12| 12| 12| 1 | 2 | 9 | 12| 1 | 1 | 8 | 1 | 16| 2 | 36| 12| 1 | 24| 1 | 8 | 4 | 8 | 6 | 1 | 4 | 12| 2 | 1 | 4 | 6 | 48| 8 | 1 | 4 | 12| 4 | 1 | 1 | 12| 9 | 2 | 1 | 2 | 6 | 8 | 1 | 8 | 1 | 2 | 18| 4 | 1 | 12| 4 | 1 | 4 | 1 | 16| 2 | 4 | 2 | 8 | 1 | 16| 1 | 2 | 12| 6 | 2 | 1 | 16| 1 | 4 | 1 | 4 | 9 | 2 | 2 | 2 | 24| 2 | 8 | 8 | 4 | 4 | 1 | 24| 4 | 1 | 4 | 2 | 4 
----------------------------------------------------------------------------------------------------------------------------------------------------------------------------------------------------------------------------------------------------------------------------------------------------------------------------------------------------------------------------------------------------------------
| 2 | 2 | 8 | 1 | 2 | 12| 4 | 1 | 8 | 1 | 4 | 12| 2 | 24| 2 | 12| 8 | 1 | 72| 4 | 1 | 4 | 12| 6 | 2 | 1 | 2 | 54| 12| 1 | 2 | 24| 4 | 24| 1 | 2 | 3 | 48| 2 | 1 | 2 | 6 | 12| 2 | 24| 12| 1 | 24| 1 | 2 | 12| 9 | 16| 18| 2 | 6 | 12| 2 | 1 | 1 | 2 | 24| 1 | 1 | 36| 1 | 2 | 18| 2 | 1 | 8 | 12| 2 | 36| 4 | 1 | 8 | 1 | 4 | 3 |144| 8 | 1 | 8 | 1 | 12| 1 | 12| 1 | 16| 2 | 4 | 1 | 4 | 4 | 6 | 3 
----------------------------------------------------------------------------------------------------------------------------------------------------------------------------------------------------------------------------------------------------------------------------------------------------------------------------------------------------------------------------------------------------------------
| 12| 1 | 12| 2 | 8 | 1 | 1 | 24| 1 | 8 | 1 | 2 | 1 | 8 | 3 | 1 | 4 | 2 | 12| 1 | 1 | 6 | 4 | 1 | 8 | 18| 6 | 6 | 4 | 2 | 8 | 1 | 1 | 2 | 12| 4 | 8 | 1 | 2 | 4 | 48| 6 | 4 | 1 | 2 | 12| 1 | 4 | 18| 16| 1 | 4 | 9 | 2 | 12| 1 | 8 | 2 | 4 | 54| 4 | 1 | 1 | 4 | 6 | 32| 2 | 60| 4 | 8 | 1 | 4 | 1 | 4 | 6 | 2 | 36| 2 | 1 | 12| 4 | 3 | 8 | 1 | 4 | 48| 2 | 4 | 12| 1 | 24| 2 | 12| 6 | 1 | 8 | 2 
----------------------------------------------------------------------------------------------------------------------------------------------------------------------------------------------------------------------------------------------------------------------------------------------------------------------------------------------------------------------------------------------------------------
| 1 | 8 | 2 | 12| 9 | 8 | 4 | 8 | 4 | 24| 4 | 24| 4 | 1 | 2 | 12| 16| 12| 2 | 8 | 4 | 4 | 1 | 4 | 1 | 4 | 4 | 1 | 1 | 12| 12| 4 | 20| 16| 3 | 2 | 1 | 4 | 6 | 24| 3 | 2 | 1 | 8 | 8 | 1 | 8 | 1 | 4 | 27| 4 | 1 | 8 | 1 | 12| 8 | 1 | 1 | 4 | 12| 1 | 4 | 2 | 12| 1 | 2 | 1 | 16| 1 | 12| 6 | 4 | 1 | 2 | 6 | 9 | 2 | 12| 4 | 12| 1 | 2 | 2 | 1 | 12| 1 | 12| 1 | 16| 4 | 2 | 1 | 4 | 96| 12| 2 | 1 
----------------------------------------------------------------------------------------------------------------------------------------------------------------------------------------------------------------------------------------------------------------------------------------------------------------------------------------------------------------------------------------------------------------
| 4 | 8 | 1 | 2 | 12| 1 | 2 | 2 | 1 | 1 | 1 | 2 | 18| 2 | 12| 2 | 1 | 4 | 1 | 24| 1 | 8 | 4 | 2 | 24| 2 | 1 | 16| 1 | 2 | 3 | 1 | 36| 1 | 4 | 2 | 4 | 36| 1 | 4 | 24| 4 | 8 | 1 | 2 | 1 | 36| 4 | 1 | 4 | 18| 8 | 1 | 4 | 1 | 2 | 1 | 8 | 1 | 1 | 4 | 3 | 12| 40| 6 | 8 | 2 | 6 | 12| 4 | 2 | 36| 8 | 1 | 8 | 2 | 2 | 1 | 4 | 2 | 16| 1 | 2 | 6 | 4 | 1 | 32| 2 | 12| 1 | 36| 4 | 1 | 4 | 1 | 4 | 12
----------------------------------------------------------------------------------------------------------------------------------------------------------------------------------------------------------------------------------------------------------------------------------------------------------------------------------------------------------------------------------------------------------------
| 1 | 2 | 6 | 8 | 1 | 16| 1 | 24| 4 | 8 | 6 | 4 | 9 | 6 | 3 | 8 | 1 | 12| 4 | 1 | 16| 1 | 8 | 1 | 1 | 12| 24| 1 | 24| 4 | 8 | 1 | 8 | 2 | 54| 12| 1 | 4 | 4 | 1 | 4 | 1 | 24| 4 | 8 | 24| 1 | 12| 4 | 1 | 2 | 1 | 12| 24| 6 | 4 | 4 | 12| 12| 12| 1 | 8 | 24| 1 | 8 | 1 | 12| 4 | 1 | 4 | 1 | 2 | 1 | 4 | 12| 1 | 8 | 4 | 24| 1 | 2 | 12| 4 | 12| 1 | 2 | 3 | 72| 2 | 16| 2 | 16| 2 | 8 | 2 | 24| 1 
----------------------------------------------------------------------------------------------------------------------------------------------------------------------------------------------------------------------------------------------------------------------------------------------------------------------------------------------------------------------------------------------------------------
| 1 | 16| 36| 1 | 24| 1 | 1 | 4 | 2 | 1 | 2 | 12| 2 | 1 | 8 | 1 | 8 | 4 | 1 | 8 | 3 | 16| 1 | 8 | 54| 4 | 1 | 4 | 4 | 1 | 2 | 18| 2 | 1 | 4 | 1 | 16| 1 | 4 | 4 | 16| 6 | 2 | 1 | 2 | 1 | 8 | 1 | 24| 1 | 8 | 36| 4 | 1 | 4 | 12| 1 | 4 | 1 | 4 | 36| 1 | 18| 8 | 1 | 24| 2 | 1 | 24| 2 | 8 | 1 | 4 | 27| 2 | 1 | 2 | 1 | 4 | 12| 12| 12| 1 | 8 | 2 | 1 | 16| 2 | 1 | 4 | 1 | 6 | 6 | 4 | 12| 1 | 12
----------------------------------------------------------------------------------------------------------------------------------------------------------------------------------------------------------------------------------------------------------------------------------------------------------------------------------------------------------------------------------------------------------------
| 1 | 12| 1 | 4 | 2 | 4 | 1 | 2 | 18| 4 | 1 | 8 | 1 | 16| 1 | 16| 1 | 1 | 12| 2 | 2 | 2 | 12| 1 | 8 | 1 | 4 | 18| 1 | 16| 1 | 4 | 36| 12| 1 | 16| 1 | 24| 2 | 1 | 1 | 6 | 6 | 4 | 2 | 4 | 9 | 4 | 1 | 8 | 1 | 4 | 1 | 1 | 1 | 2 | 48| 6 | 4 | 1 | 2 | 24| 4 | 1 | 8 | 1 | 4 | 1 | 8 | 1 | 8 | 2 | 6 | 18| 8 | 1 | 4 | 6 | 2 | 1 | 4 | 1 | 8 | 1 | 6 | 8 | 1 | 1 | 12| 2 | 1 | 4 | 3 | 16| 1 | 4 | 6 
----------------------------------------------------------------------------------------------------------------------------------------------------------------------------------------------------------------------------------------------------------------------------------------------------------------------------------------------------------------------------------------------------------------
| 1 | 2 | 16| 1 | 1 | 2 | 6 | 48| 2 | 3 | 16| 1 | 8 | 1 | 24| 2 | 1 | 8 | 27| 8 | 1 | 16| 6 | 32| 1 | 8 | 1 | 8 | 8 | 1 | 24| 2 | 1 | 4 | 12| 12| 8 | 1 | 8 | 2 | 8 | 9 | 2 | 18| 3 | 54| 16| 3 | 4 | 12| 2 | 4 | 16| 2 | 48| 4 | 1 | 24| 12| 8 | 1 | 6 | 2 | 1 | 2 | 12| 15| 8 | 3 | 4 | 1 | 1 | 8 | 1 | 2 | 6 | 4 | 2 | 2 | 12| 6 | 2 | 4 | 1 | 32| 1 | 24| 4 | 2 | 12| 4 | 1 | 8 | 1 | 1 | 6 | 3 
----------------------------------------------------------------------------------------------------------------------------------------------------------------------------------------------------------------------------------------------------------------------------------------------------------------------------------------------------------------------------------------------------------------
| 8 | 1 | 4 | 2 | 16| 2 | 24| 2 | 2 | 12| 1 | 8 | 27| 4 | 1 | 12| 4 | 1 | 32| 1 | 8 | 1 | 1 | 6 | 12| 24| 4 | 3 | 1 | 8 | 1 | 8 | 2 | 2 | 1 | 8 | 1 | 4 | 8 | 1 | 1 | 8 | 1 | 8 | 1 | 4 | 1 | 32| 1 | 1 | 54| 2 | 1 | 18| 9 |108| 8 | 1 | 12| 1 | 8 | 12| 2 | 8 | 4 | 1 | 6 | 12| 2 | 6 | 16| 8 | 1 | 24| 6 | 2 | 2 | 3 | 72| 4 | 2 | 24| 1 | 16| 1 | 2 | 8 | 1 | 24| 1 | 12| 12| 9 | 4 | 1 | 16| 6 
----------------------------------------------------------------------------------------------------------------------------------------------------------------------------------------------------------------------------------------------------------------------------------------------------------------------------------------------------------------------------------------------------------------
| 1 | 8 | 36| 12| 1 | 18| 2 | 1 | 4 | 1 | 8 | 1 | 2 | 4 | 2 | 8 | 1 | 16| 1 | 8 | 12| 2 | 36| 4 | 1 | 4 | 1 | 2 | 24| 2 | 12| 1 | 6 | 12| 1 | 18| 12| 1 | 4 | 2 | 16| 1 | 2 | 1 | 8 | 1 | 8 | 1 | 8 | 1 | 4 | 36| 8 | 2 | 2 | 8 | 1 | 8 | 2 | 8 | 1 | 8 | 1 | 24| 1 | 24| 4 | 1 | 12| 1 | 12| 1 | 16| 1 | 4 | 1 | 2 | 24| 1 | 4 | 1 | 2 | 6 | 1 | 8 | 12| 1 | 8 | 2 | 8 | 1 | 2 | 6 | 18| 8 | 1 | 4 
----------------------------------------------------------------------------------------------------------------------------------------------------------------------------------------------------------------------------------------------------------------------------------------------------------------------------------------------------------------------------------------------------------------
| 6 | 2 | 1 | 4 | 1 | 4 | 24| 4 | 16| 2 | 1 | 4 | 1 | 24| 18| 1 | 16| 1 | 24| 2 | 1 | 12| 4 | 1 | 4 | 6 | 12| 1 | 8 | 1 | 8 | 2 | 48| 12| 2 | 8 | 2 | 8 | 72| 18| 2 | 1 | 16| 1 | 8 | 1 | 30| 4 | 1 | 8 | 1 | 2 | 1 | 1 | 1 | 1 | 36| 12| 1 | 12| 4 | 1 | 20| 4 | 12| 2 | 1 | 8 | 16| 2 | 12| 2 | 1 | 16| 1 | 4 | 12| 1 | 12| 8 | 2 | 2 | 36| 8 | 1 | 1 | 1 | 24| 1 | 2 | 6 | 32| 1 | 1 | 2 | 12| 1 
----------------------------------------------------------------------------------------------------------------------------------------------------------------------------------------------------------------------------------------------------------------------------------------------------------------------------------------------------------------------------------------------------------------
| 18| 2 | 1 | 2 | 12| 1 | 4 | 1 | 1 | 24| 2 | 6 | 4 | 1 | 2 | 16| 1 | 32| 1 | 16| 1 | 2 | 1 | 1 | 12| 12| 6 | 4 | 1 | 8 | 1 | 24| 1 | 4 | 1 | 1 | 1 | 2 | 12| 1 | 24| 4 | 1 | 8 | 1 | 4 | 24| 1 | 8 | 1 | 4 | 4 | 1 | 8 | 6 | 48| 2 | 4 | 1 | 2 | 6 | 1 | 6 | 12| 1 | 12| 36| 2 | 1 | 12| 1 | 8 | 4 | 1 | 8 | 6 | 54| 4 | 2 | 2 | 54| 1 | 16| 3 | 4 | 1 | 16| 1 | 8 | 2 | 12| 1 | 8 | 1 | 8 | 36| 2 
----------------------------------------------------------------------------------------------------------------------------------------------------------------------------------------------------------------------------------------------------------------------------------------------------------------------------------------------------------------------------------------------------------------
| 1 | 12| 2 | 12| 18| 1 | 2 | 12| 32| 1 | 1 | 4 | 81| 8 | 1 | 6 | 8 | 3 | 16| 1 | 4 | 1 | 8 | 8 | 1 | 8 | 1 | 6 | 12| 24| 4 | 1 | 16| 4 | 16| 1 | 8 | 24| 1 | 8 | 1 | 24| 4 | 6 | 4 | 4 | 3 | 16| 1 | 16| 1 | 12| 8 | 1 | 36| 4 | 1 | 16| 1 | 2 | 6 | 4 | 12| 2 | 4 | 2 | 2 | 24| 1 | 4 | 4 | 2 | 1 | 4 | 36| 1 | 8 | 1 | 1 | 32| 2 | 16| 1 | 16| 3 | 16| 1 | 8 | 1 | 4 | 1 | 4 | 1 | 1 | 1 | 2 | 6 
----------------------------------------------------------------------------------------------------------------------------------------------------------------------------------------------------------------------------------------------------------------------------------------------------------------------------------------------------------------------------------------------------------------
| 4 | 2 | 24| 2 | 4 | 6 | 4 | 1 | 1 | 16| 1 | 1 | 8 | 1 | 4 | 12| 1 | 4 | 1 | 8 | 54| 1 | 4 | 1 | 8 | 1 | 8 | 6 | 2 | 1 | 12| 2 | 1 | 4 | 1 | 1 | 1 | 2 | 18|108| 4 | 1 | 2 | 48| 1 | 24| 2 | 2 | 24| 1 | 24| 2 | 1 | 16| 1 | 2 | 4 | 1 | 1 | 4 | 36| 1 | 8 | 1 | 24| 1 | 16| 1 | 2 | 4 | 1 | 16| 2 | 4 | 1 | 24| 1 | 32| 18| 6 | 1 | 1 | 16| 1 | 2 | 6 | 1 | 12| 2 | 48| 8 | 2 | 4 | 2 | 8 | 18| 1 
----------------------------------------------------------------------------------------------------------------------------------------------------------------------------------------------------------------------------------------------------------------------------------------------------------------------------------------------------------------------------------------------------------------
| 2 | 1 | 4 | 1 | 2 | 6 | 4 | 2 | 8 | 1 | 4 | 36| 1 | 1 | 8 | 2 | 8 | 1 | 8 | 1 | 8 | 2 | 8 | 4 | 6 | 4 | 2 | 1 | 8 | 8 | 1 | 24| 4 | 12| 8 | 2 | 4 | 2 | 2 | 8 | 1 | 8 | 1 | 2 | 36| 4 | 1 | 8 | 1 | 16| 1 | 4 | 12| 1 | 2 | 4 | 36| 8 | 1 | 2 | 6 | 64| 3 | 8 | 1 | 8 | 1 | 4 | 9 | 4 | 40| 1 | 6 | 12| 64| 2 | 16| 1 | 4 | 2 | 24| 4 | 1 | 8 | 1 | 24| 4 | 1 | 48| 9 | 2 | 1 | 18| 12| 1 | 8 | 2 
----------------------------------------------------------------------------------------------------------------------------------------------------------------------------------------------------------------------------------------------------------------------------------------------------------------------------------------------------------------------------------------------------------------
| 2 | 2 | 4 | 1 | 4 | 1 | 2 | 27| 18| 8 | 1 | 4 | 24| 4 | 4 | 1 | 8 | 2 | 2 | 1 | 2 | 36| 1 | 2 | 6 | 1 | 8 | 18| 2 | 1 | 4 | 12| 1 | 8 | 1 | 1 | 12| 54| 2 | 1 | 4 | 54| 1 | 8 | 1 | 4 | 1 | 1 | 16| 1 | 4 | 18| 2 | 12| 12| 1 | 4 | 1 | 8 | 24| 1 | 1 | 8 | 1 | 1 | 24| 2 | 24| 8 | 6 | 1 | 4 | 24| 1 | 12| 1 | 1 | 12| 2 | 1 | 1 | 4 | 24| 2 | 24| 1 | 6 | 16| 1 | 4 | 24| 4 | 4 | 1 | 4 | 1 | 12
----------------------------------------------------------------------------------------------------------------------------------------------------------------------------------------------------------------------------------------------------------------------------------------------------------------------------------------------------------------------------------------------------------------
| 3 | 6 | 16| 2 | 4 | 12| 2 | 2 | 2 | 1 | 16| 1 | 1 | 1 | 18| 4 | 1 | 6 | 6 | 12| 8 | 1 | 1 | 8 | 6 | 32| 1 | 30| 16| 6 | 2 | 1 | 1 | 4 | 2 | 16| 1 | 2 | 18| 8 | 1 | 4 | 12| 4 | 2 | 2 | 4 | 12| 1 | 8 | 81| 4 | 1 | 4 | 2 | 2 | 16| 4 | 1 | 1 | 4 | 36| 2 | 1 | 8 | 1 | 24| 1 | 2 | 2 | 16| 6 | 40| 4 | 4 | 2 | 2 | 24| 2 | 12| 4 | 1 | 2 | 3 | 8 | 80| 3 | 2 | 1 | 1 | 1 | 2 | 1 | 4 | 18| 4 | 1 
----------------------------------------------------------------------------------------------------------------------------------------------------------------------------------------------------------------------------------------------------------------------------------------------------------------------------------------------------------------------------------------------------------------
| 4 | 1 | 1 | 12| 9 | 9 | 6 | 1 | 24| 4 | 1 | 2 | 12| 16| 2 | 6 | 4 | 2 | 18| 2 | 1 | 4 | 24| 1 | 4 | 1 | 4 | 12| 1 | 2 | 24| 1 | 8 | 18| 4 | 1 | 8 | 18| 9 | 2 | 1 | 1 | 4 | 1 | 12| 3 | 12| 4 | 2 | 2 | 2 | 2 | 8 | 1 | 4 | 3 | 4 | 1 | 4 | 36| 12| 1 | 8 | 36| 1 | 8 | 6 | 2 | 16| 1 | 4 | 1 | 4 | 1 | 2 | 3 | 3 | 2 | 1 | 12| 12| 2 | 4 | 24| 1 | 4 | 2 | 4 | 24| 8 | 2 | 8 | 2 | 36| 1 | 12| 6 
----------------------------------------------------------------------------------------------------------------------------------------------------------------------------------------------------------------------------------------------------------------------------------------------------------------------------------------------------------------------------------------------------------------
| 1 | 24| 4 | 1 | 8 | 2 | 48| 8 | 1 | 8 | 1 | 16| 1 | 4 | 1 | 16| 6 | 1 | 4 | 12| 4 | 12| 1 | 8 | 6 | 4 | 1 | 2 | 3 | 16| 1 | 8 | 1 | 24| 1 | 8 | 1 | 4 | 3 | 4 | 2 | 2 | 12| 2 | 1 | 48| 2 | 1 | 2 | 6 | 1 | 16| 1 | 4 | 12| 8 | 4 | 8 | 18| 2 | 1 | 4 | 12| 6 | 4 | 1 | 8 | 1 | 2 | 12| 2 | 8 | 4 | 4 | 8 | 1 | 2 | 2 | 2 | 2 | 1 | 2 | 9 | 2 | 2 | 8 | 1 | 1 | 4 | 1 | 2 | 12| 1 | 8 | 2 | 1 | 4 
----------------------------------------------------------------------------------------------------------------------------------------------------------------------------------------------------------------------------------------------------------------------------------------------------------------------------------------------------------------------------------------------------------------
| 1 | 1 | 1 | 12| 2 | 1 | 4 | 1 | 8 | 1 | 8 | 1 | 4 | 1 | 4 | 1 | 16| 2 | 1 | 4 | 1 | 2 | 1 | 2 | 1 | 6 | 4 | 1 | 8 | 1 | 8 | 1 | 8 | 1 | 1 | 2 | 4 | 1 | 2 | 2 | 3 | 6 | 2 | 2 | 8 | 1 | 8 | 1 | 4 | 6 | 4 | 1 | 4 | 3 | 12| 2 | 1 | 12| 1 | 8 | 2 | 6 | 12| 1 | 12| 2 | 2 | 2 | 4 | 1 | 12| 1 | 4 | 1 | 6 | 2 | 1 | 12| 1 | 12| 4 | 1 | 2 | 4 | 1 | 4 | 1 | 4 | 2 | 4 | 2 | 1 | 2 | 1 | 6 | 12| 1 
150
